20 266.001 503.55 1.97459e-005 shortPillar.png
364.999 503.55 -1.36582e-005 shortPillar.png
440.004 503.55 -1.48296e-005 shortPillar.png
364.999 407.1 -4.8598e-005 shortPillar.png
440.999 407.097 -9.04058e-005 shortPillar.png
266.988 407.098 0.000108881 shortPillar.png
267.987 310.648 0.000133308 shortPillar.png
366 310.65 -7.60224e-005 shortPillar.png
440.993 310.643 -0.000168833 shortPillar.png
276.984 302.203 1.93748e-005 planck.png
375.005 302.182 -7.17024e-005 planck.png
353.879 269.733 -0.00062018 box.png
295.943 269.754 0.000301418 box.png
405 269.722 -0.000286861 box.png
319.966 261.269 -0.000583983 planck.png
354.959 235.716 -0.00226563 chest.png
320.897 164.869 -0.000738405 shortPillar.png
393.064 164.775 -0.00244734 shortPillar.png
323.087 156.337 -0.00115444 planck.png
357.056 123.932 -0.00113604 box.png
