14 321.982 547.569 2.10486e-005 stone.txt
320.946 495.158 8.2652e-005 stone.txt
316.905 442.738 0.000258788 stone.txt
314.933 390.309 0.000575416 stone.txt
313.948 337.872 0.000924868 stone.txt
447.935 547.559 -0.000346201 stone.txt
446.808 495.128 -0.00114005 stone.txt
440.67 442.7 -0.00183919 stone.txt
439.825 390.271 -0.00227301 stone.txt
440.908 337.828 -0.00269297 stone.txt
395 574.55 1.82023e-006 chest.txt
354.971 329.528 0.000978668 planck.txt
392.985 233.209 0.000929141 pillar.txt
393.976 136.791 0.00122787 pillar.txt
