32 334.946 503.551 1.26357e-005 shortPillar.png
411.893 503.551 6.0991e-005 shortPillar.png
333.716 495.107 -4.18994e-005 planck.png
338.471 398.668 -0.000294291 shortPillar.png
399.898 398.657 -0.000221821 shortPillar.png
331.787 390.207 -0.000289437 planck.png
334.643 293.781 -0.000439469 shortPillar.png
397.306 293.762 -0.000344172 shortPillar.png
331.716 285.31 -0.000374085 planck.png
336.484 188.886 -0.000569971 shortPillar.png
395.081 188.866 -0.0003571 shortPillar.png
329.935 180.414 -0.000350763 planck.png
502.982 503.55 -5.6034e-005 shortPillar.png
431.959 495.107 -9.24276e-005 planck.png
440.875 462.687 3.05888e-005 box.png
440.786 430.252 0.000671512 box.png
439.758 397.816 0.00135646 box.png
491.955 469.621 -0.000620606 chest.png
541.015 503.551 -0.000131235 shortPillar.png
595.947 503.525 -0.00104008 shortPillar.png
529.99 495.042 -0.00115876 planck.png
534.345 462.687 -0.00231881 box.png
533.457 430.272 -0.00252356 box.png
532.537 397.859 -0.0026111 box.png
453.899 389.418 0.00113027 planck.png
453.909 381.067 0.00176731 planck.png
456.52 348.597 0.00304822 box.png
489.125 348.702 0.0022531 box.png
522.037 348.765 0.00135414 box.png
476.849 316.215 0.00297759 box.png
514.287 316.317 0.00109899 box.png
492.991 283.822 0.00210472 box.png
