26 328.993 503.548 8.89112e-005 shortPillar.png
422 503.551 -6.20025e-005 shortPillar.png
328.986 407.097 0.000119211 shortPillar.png
422.997 407.104 -0.000164483 shortPillar.png
340.004 398.646 0.000298888 planck.png
482.991 503.553 0.000100419 shortPillar.png
481.969 407.111 0.000385062 shortPillar.png
574.993 503.546 -0.000190681 shortPillar.png
574.983 407.093 -0.000410979 shortPillar.png
492.975 398.657 -0.000572671 planck.png
401.999 366.227 0.001313 box.png
492.895 366.286 -0.00247448 box.png
490.697 333.886 -0.00251375 box.png
400.075 333.783 0.0018575 box.png
447.992 567.602 -9.48019e-005 box.png
447.994 535.263 -0.00035346 box.png
447.977 502.919 -0.000618349 box.png
447.97 470.566 -0.000879852 box.png
447.955 438.198 -0.0011439 box.png
447.936 405.813 -0.00141028 box.png
446.928 380.419 -0.00160869 chest.png
445.915 348.005 -0.00169878 box.png
412.931 325.379 0.00185427 planck.png
422.842 228.886 0.00395835 shortPillar.png
474.993 229.071 0.00245949 shortPillar.png
444.94 196.523 0.00339585 box.png
